-0.000919, 
-0.006299, 
-0.014134, 
0.003321, 
0.075826, 
0.134225, 
-0.001696, 
-0.364305, 
-0.573547, 
-0.107397, 
0.951081, 
1.594859, 
0.716731, 
-1.509506, 
-3.233584, 
-2.364688, 
1.215476, 
4.879848, 
5.126000, 
0.794644, 
-5.280895, 
-8.087915, 
-4.585169, 
3.282827, 
9.576714, 
8.945020, 
1.177504, 
-8.163809, 
-11.848984, 
-6.693919, 
3.720520, 
11.629206, 
11.025954, 
2.308713, 
-8.020228, 
-12.334793, 
-7.635040, 
2.349107, 
10.176046, 
10.343933, 
3.210336, 
-5.639680, 
-9.812129, 
-6.777567, 
0.649347, 
6.826860, 
7.592598, 
3.057025, 
-2.971813, 
-6.132833, 
-4.655346, 
-0.247195, 
3.606735, 
4.356639, 
2.025505, 
-1.233099, 
-3.011700, 
-2.383130, 
-0.275831, 
1.539453, 
1.870921, 
0.833214, 
-0.513084, 
-1.133622, 
-0.402690, 
0.875666, 
1.127827, 
0.415233, 
-0.454056, 
-0.722652, 
-0.284557, 
0.350266, 
0.586328, 
0.256399, 
-0.296370, 
-0.570894, 
-0.346617, 
0.161064, 
0.519550, 
0.450443, 
0.037942, 
-0.372626, 
-0.470125, 
-0.213165, 
0.169180, 
0.382535, 
0.295106, 
0.012815, 
-0.233135, 
-0.274444, 
-0.117905, 
0.089470, 
0.191975, 
0.139426, 
0.002774, 
-0.102104, 
-0.108348, 
-0.036364, 
0.040977, 
0.064959, 
0.032235, 
-0.015678, 
-0.035611, 
-0.017894, 
0.012940, 
0.025752, 
0.010809, 
-0.015052, 
-0.026745, 
-0.013880, 
0.011582, 
0.027450, 
0.020810, 
-0.002020, 
-0.022168, 
-0.024318, 
-0.008376, 
0.012025, 
0.021440, 
0.014444, 
-0.001652, 
-0.014014, 
-0.014535, 
-0.004970, 
0.006050, 
0.010533, 
0.006784, 
-0.000651, 
-0.005638, 
-0.005289, 
-0.001340, 
0.002268, 
0.002927, 
0.001050, 
-0.001016, 
-0.001390, 
-0.000150, 
0.001144, 
0.001113, 
-0.000190, 
-0.001481, 
-0.001512, 
-0.000203, 
0.001348, 
0.001851, 
0.001105, 
0.001105, 
0.001105, 
0.001105, 
0.001105, 
0.001105, 
0.001105, 
0.001105, 
0.001105, 
0.001105, 
0.001105, 
0.001105, 
0.001105, 
0.001105, 
0.001105, 
0.001105, 
0.001105, 
0.001105, 
0.001105, 
0.001105, 
0.001105, 
0.001105, 
0.001105, 
0.001105, 
0.001105, 
0.001105, 
0.001105, 
0.001105, 
0.001105, 
0.001105, 
0.001105, 
0.001105, 
0.001105, 
0.001105, 
0.001105, 
0.001105, 
0.001105, 
0.001105, 
0.001105, 
0.001105, 
0.001105, 
0.001105, 
0.001105, 
0.001105, 
0.001105, 
0.001105, 
0.001105, 
0.001105, 
0.001105, 
0.001105, 
0.001105, 
0.001105, 
0.001105, 
0.001105, 
0.001105, 
0.001105, 
0.001105, 
0.001105, 
0.001105, 
0.001105, 
0.001105, 
0.001105, 
0.001105, 
0.001105, 
0.001105, 
0.001105, 
0.001105, 
0.001105, 
0.001105, 
0.001105, 
0.001105, 
0.001105, 
0.001105, 
0.001105, 
0.001105, 
0.001105, 
0.001105, 
0.001105, 
0.001105, 
0.001105, 
0.001105, 
0.001105, 
0.001105, 
0.001105, 
0.001105, 
0.001105, 
0.001105, 
0.001105, 
0.001105, 
0.001105, 
0.001105, 
0.001105, 
0.001105, 
0.001105, 
0.001105, 
0.001105, 
0.001105, 
0.001105, 
0.001105, 
0.001105, 
0.001105, 
0.001105, 
0.001105, 
0.001105, 
0.001105, 
0.001105, 
0.001105, 
0.001105, 
0.001105, 
0.001105, 
0.001105, 
0.001105, 
0.001105, 
0.001105, 
0.001105, 
0.001105, 
0.001105, 
0.001105, 
0.001105, 
0.001105, 
0.001105, 
0.001105, 
0.001105, 
0.001105, 
0.001105, 
0.001105, 
0.001105, 
0.001105, 
0.001105, 
0.001105, 
0.001105, 
0.001105, 
0.001105, 
0.001105, 
0.001105, 
0.001105, 
0.001105, 
0.001105, 
0.001105, 
0.001105, 
0.001105, 
0.001105, 
0.001105, 
0.001105, 
0.001105, 
0.001105, 
0.001105, 
0.001105, 
0.001105, 
0.001105, 
0.001105, 
0.001105, 
0.001105, 
0.001105, 
0.001105, 
0.001105, 
0.001105, 
0.001105, 
0.001105, 
0.001105, 
0.001105, 
0.001105, 
0.001105, 
0.001105, 
0.001105, 
0.001105, 
0.001105, 
0.001105, 
0.001105, 
0.001105, 
0.001105, 
0.001105, 
0.001105, 
0.001105, 
0.001105, 
0.001105, 
0.001105, 
0.001105, 
0.001105, 
0.001105, 
0.001105, 
0.001105, 
0.001105, 
0.001105, 
0.001105, 
0.001105, 
0.001105, 
0.001105, 
0.001105, 
0.001105, 
0.001105, 
0.001105, 
0.001105, 
0.001105, 
0.001105, 
0.001105, 
0.001105, 
0.001105, 
0.001105, 
0.001105, 
0.001105, 
0.001105, 
0.001105, 
0.001105, 
0.001105, 
0.001105, 
0.001105, 
0.001105, 
0.001105, 
0.001105, 
0.001105, 
0.001105, 
0.001105, 
0.001105, 
0.001105, 
0.001105, 
0.001105, 
0.001105, 
0.001105, 
0.001105, 
0.001105, 
0.001105, 
0.001105, 
0.001105, 
0.001105, 
0.001105, 
0.001105, 
0.001105, 
0.001105, 
0.001105, 
0.001105, 
0.001105, 
0.001105, 
0.001105, 
0.001105, 
0.001105, 
0.001105, 
0.001105, 
0.001105, 
0.001105, 
0.001105, 
0.001105, 
0.001105, 
0.001105, 
0.001105, 
0.001105, 
0.001105, 
0.001105, 
0.001105, 
0.001105, 
0.001105, 
0.001105, 
0.001105, 
0.001105, 
0.001105, 
0.001105, 
0.001105, 
0.001105, 
0.001105, 
0.001105, 
0.001105, 
0.001105, 
0.001105, 
0.001105, 
0.001105, 
0.001105, 
0.001105, 
0.001105, 
0.001105, 
0.001105, 
0.001105, 
0.001105, 
0.001105, 
0.001105, 
0.001105, 
0.001105, 
0.001105, 
0.001105, 
0.001105, 
0.001105, 
0.001105, 
0.001105, 
0.001105, 
0.001105, 
0.001105, 
0.001105, 
0.001105, 
0.001105, 
0.001105, 
0.001105, 
0.001105, 
0.001105, 
0.001105, 
0.001105, 
0.001105, 
0.001105, 
0.001105, 
0.001105, 
0.001105, 
0.001105, 
0.001105, 
0.001105, 
0.001105, 
0.001105, 
0.001105, 
0.001105, 
0.001105, 
0.001105, 
0.001105, 
0.001105, 
0.001105, 
0.001105, 
0.001105, 
0.001105, 
0.001105, 
0.001105, 
0.001105, 
0.001105, 
0.001105, 
0.001105, 
0.001105, 
0.001105, 
0.001105, 
0.001105, 
0.001105, 
0.001105, 
0.001105, 
0.001105, 
0.001105, 
0.001105, 
0.001105, 
0.001105, 
0.001105, 
0.001105, 
0.001105, 
0.001105, 
0.001105, 
0.001105, 
0.001105, 
0.001105, 
0.001105, 
0.001105, 
0.001105, 
0.001105, 
0.001105, 
0.001105, 
0.001105, 
0.001105, 
0.001105, 
0.001105, 
0.001105, 
0.001105, 
0.001105, 
0.001105, 
0.001105, 
0.001105, 
0.001105, 
0.001105, 
0.001105, 
0.001105, 
0.001105, 
0.001105, 
0.001105, 
0.001105, 
0.001105, 
0.001105, 
0.001105, 
