-0.000919, 
-0.006299, 
-0.014134, 
0.003321, 
0.075826, 
0.134225, 
-0.001696, 
-0.364305, 
-0.573547, 
-0.107397, 
0.951081, 
1.594859, 
0.716731, 
-1.509505, 
-3.233584, 
-2.364688, 
1.215477, 
4.879848, 
5.126000, 
0.794644, 
-5.280895, 
-8.087916, 
-4.585170, 
3.282826, 
9.576712, 
8.945019, 
1.177503, 
-8.163810, 
-11.848986, 
-6.693920, 
3.720518, 
11.629204, 
11.025952, 
2.308711, 
-8.020230, 
-12.334795, 
-7.635041, 
2.349106, 
10.176046, 
10.343933, 
3.210335, 
-5.639680, 
-9.812129, 
-6.777567, 
0.649347, 
6.826860, 
7.592598, 
3.057024, 
-2.971814, 
-6.132834, 
-4.655346, 
-0.247195, 
3.606735, 
4.356639, 
2.025505, 
-1.233099, 
-3.011700, 
-2.383130, 
-0.275831, 
1.539453, 
1.870921, 
0.833214, 
-0.513084, 
-1.133623, 
-0.768157, 
0.053755, 
0.590791, 
0.503012, 
0.024477, 
-0.349088, 
-0.316822, 
0.016722, 
0.301525, 
0.278962, 
-0.008704, 
-0.289799, 
-0.318208, 
-0.078572, 
0.220489, 
0.335466, 
0.186704, 
-0.092961, 
-0.281543, 
-0.247354, 
-0.039087, 
0.171724, 
0.233415, 
0.123115, 
-0.055010, 
-0.164727, 
-0.141317, 
-0.025924, 
0.083025, 
0.111224, 
0.056999, 
-0.022554, 
-0.065452, 
-0.050908, 
-0.004967, 
0.029995, 
0.031114, 
0.007717, 
-0.013947, 
-0.015921, 
-0.001491, 
0.012130, 
0.011469, 
-0.001792, 
-0.014269, 
-0.014075, 
-0.001246, 
0.013102, 
0.016956, 
0.007468, 
-0.007350, 
-0.015834, 
-0.012105, 
-0.000041, 
0.010699, 
0.012571, 
0.005458, 
-0.004279, 
-0.009409, 
-0.007191, 
-0.000572, 
0.004979, 
0.005880, 
0.002613, 
-0.001514, 
-0.003403, 
-0.002373, 
-0.000054, 
0.001435, 
0.001241, 
0.000111, 
-0.000642, 
-0.000398, 
0.000371, 
0.000740, 
0.000273, 
-0.000605, 
-0.001061, 
-0.000634, 
0.000355, 
0.001101, 
0.001007, 
0.000164, 
-0.000759, 
-0.001074, 
-0.000602, 
0.000239, 
0.000811, 
0.000747, 
0.000186, 
-0.000404, 
-0.000612, 
-0.000370, 
0.000064, 
0.000352, 
0.000333, 
0.000099, 
-0.000130, 
-0.000196, 
-0.000105, 
0.000024, 
0.000079, 
0.000042, 
-0.000019, 
-0.000034, 
0.000006, 
0.000052, 
0.000049, 
-0.000007, 
-0.000069, 
-0.000080, 
-0.000027, 
0.000049, 
0.000089, 
0.000062, 
-0.000008, 
-0.000068, 
-0.000075, 
-0.000030, 
0.000031, 
0.000062, 
0.000046, 
0.000003, 
-0.000035, 
-0.000042, 
-0.000020, 
0.000010, 
0.000026, 
0.000020, 
0.000003, 
-0.000011, 
-0.000012, 
-0.000005, 
0.000003, 
0.000005, 
0.000001, 
-0.000002, 
-0.000002, 
0.000002, 
0.000004, 
0.000003, 
-0.000002, 
-0.000006, 
-0.000005, 
-0.000001, 
0.000005, 
0.000006, 
0.000004, 
-0.000002, 
-0.000005, 
-0.000005, 
-0.000001, 
0.000003, 
0.000004, 
0.000003, 
-0.000000, 
-0.000003, 
-0.000003, 
-0.000001, 
0.000001, 
0.000002, 
0.000001, 
0.000000, 
-0.000001, 
-0.000001, 
-0.000000, 
0.000000, 
0.000000, 
0.000000, 
-0.000000, 
-0.000000, 
0.000000, 
0.000000, 
0.000000, 
-0.000000, 
-0.000000, 
-0.000000, 
0.000000, 
0.000000, 
0.000000, 
0.000000, 
-0.000000, 
-0.000000, 
-0.000000, 
-0.000000, 
0.000000, 
0.000000, 
0.000000, 
-0.000000, 
-0.000000, 
-0.000000, 
-0.000000, 
0.000000, 
0.000000, 
0.000000, 
-0.000000, 
-0.000000, 
-0.000000, 
-0.000000, 
0.000000, 
0.000000, 
-0.000000, 
-0.000000, 
0.000000, 
0.000000, 
0.000000, 
0.000000, 
-0.000000, 
-0.000000, 
-0.000000, 
0.000000, 
0.000000, 
0.000000, 
0.000000, 
-0.000000, 
-0.000000, 
-0.000000, 
0.000000, 
0.000000, 
0.000000, 
0.000000, 
-0.000000, 
-0.000000, 
-0.000000, 
-0.000000, 
0.000000, 
0.000000, 
0.000000, 
-0.000000, 
-0.000000, 
-0.000000, 
-0.000000, 
0.000000, 
0.000000, 
-0.000000, 
-0.000000, 
0.000000, 
0.000000, 
0.000000, 
-0.000000, 
-0.000000, 
-0.000000, 
-0.000000, 
0.000000, 
0.000000, 
0.000000, 
0.000000, 
-0.000000, 
-0.000000, 
-0.000000, 
0.000000, 
0.000000, 
0.000000, 
0.000000, 
-0.000000, 
-0.000000, 
-0.000000, 
-0.000000, 
0.000000, 
0.000000, 
0.000000, 
-0.000000, 
-0.000000, 
-0.000000, 
-0.000000, 
0.000000, 
-0.000000, 
-0.000000, 
0.000000, 
0.000000, 
0.000000, 
0.000000, 
-0.000000, 
-0.000000, 
-0.000000, 
-0.000000, 
0.000000, 
0.000000, 
0.000000, 
-0.000000, 
-0.000000, 
-0.000000, 
-0.000000, 
0.000000, 
0.000000, 
0.000000, 
0.000000, 
-0.000000, 
-0.000000, 
-0.000000, 
0.000000, 
0.000000, 
0.000000, 
0.000000, 
-0.000000, 
-0.000000, 
-0.000000, 
-0.000000, 
-0.000000, 
-0.000000, 
-0.000000, 
0.000000, 
0.000000, 
0.000000, 
0.000000, 
-0.000000, 
-0.000000, 
-0.000000, 
0.000000, 
0.000000, 
0.000000, 
0.000000, 
-0.000000, 
-0.000000, 
-0.000000, 
-0.000000, 
0.000000, 
0.000000, 
0.000000, 
0.000000, 
-0.000000, 
-0.000000, 
-0.000000, 
0.000000, 
0.000000, 
0.000000, 
0.000000, 
-0.000000, 
-0.000000, 
-0.000000, 
-0.000000, 
-0.000000, 
-0.000000, 
-0.000000, 
0.000000, 
0.000000, 
0.000000, 
-0.000000, 
-0.000000, 
-0.000000, 
-0.000000, 
0.000000, 
0.000000, 
0.000000, 
0.000000, 
-0.000000, 
-0.000000, 
-0.000000, 
-0.000000, 
0.000000, 
0.000000, 
0.000000, 
-0.000000, 
-0.000000, 
-0.000000, 
-0.000000, 
0.000000, 
0.000000, 
0.000000, 
-0.000000, 
-0.000000, 
-0.000000, 
-0.000000, 
-0.000000, 
-0.000000, 
-0.000000, 
-0.000000, 
-0.000000, 
0.000000, 
-0.000000, 
-0.000000, 
-0.000000, 
-0.000000, 
-0.000000, 
-0.000000, 
0.000000, 
0.000000, 
-0.000000, 
-0.000000, 
-0.000000, 
-0.000000, 
-0.000000, 
-0.000000, 
-0.000000, 
-0.000000, 
-0.000000, 
-0.000000, 
-0.000000, 
-0.000000, 
-0.000000, 
-0.000000, 
-0.000000, 
-0.000000, 
-0.000000, 
-0.000000, 
-0.000000, 
-0.000000, 
-0.000000, 
-0.000000, 
-0.000000, 
-0.000000, 
-0.000000, 
-0.000000, 
-0.000000, 
-0.000000, 
-0.000000, 
-0.000000, 
-0.000000, 
-0.000000, 
-0.000000, 
-0.000000, 
-0.000000, 
-0.000000, 
-0.000000, 
-0.000000, 
-0.000000, 
-0.000000, 
-0.000000, 
-0.000000, 
-0.000000, 
-0.000000, 
-0.000000, 
-0.000000, 
-0.000000, 
-0.000000, 
-0.000000, 
-0.000000, 
-0.000000, 
-0.000000, 
-0.000000, 
-0.000000, 
-0.000000, 
-0.000000, 
-0.000000, 
-0.000000, 
-0.000000, 
-0.000000, 
-0.000000, 
-0.000000, 
-0.000000, 
-0.000000, 
-0.000000, 
-0.000000, 
-0.000000, 
-0.000000, 
-0.000000, 
-0.000000, 
-0.000000, 
