-0.000919, 
-0.005380, 
-0.007835, 
0.017455, 
0.072505, 
0.058399, 
-0.135921, 
-0.362609, 
-0.209242, 
0.466150, 
1.058478, 
0.643778, 
-0.878128, 
-2.226237, 
-1.724078, 
0.868896, 
3.580164, 
3.664372, 
0.246152, 
-4.331356, 
-6.075539, 
-2.807020, 
3.502746, 
7.867996, 
6.293887, 
-0.631694, 
-7.767516, 
-9.341313, 
-3.685175, 
5.155065, 
10.414439, 
7.908686, 
-0.603252, 
-8.717241, 
-10.328941, 
-4.314565, 
4.699753, 
9.984147, 
7.826939, 
0.167887, 
-7.133597, 
-8.850016, 
-4.172449, 
3.034562, 
7.426914, 
6.177513, 
0.765738, 
-4.535573, 
-6.028838, 
-3.161020, 
1.477487, 
4.408151, 
3.853930, 
0.749904, 
-2.331134, 
-3.258604, 
-1.778601, 
0.628570, 
2.107299, 
1.815284, 
0.331468, 
-1.037707, 
-1.346298, 
-0.620538, 
0.365466, 
0.821911, 
0.537036, 
-0.087779, 
-0.478534, 
-0.373565, 
0.032265, 
0.333544, 
0.284803, 
-0.022563, 
-0.287666, 
-0.281095, 
-0.028409, 
0.239636, 
0.299061, 
0.114977, 
-0.148762, 
-0.279665, 
-0.188582, 
0.034189, 
0.208267, 
0.210811, 
0.061691, 
-0.110300, 
-0.178125, 
-0.109717, 
0.023411, 
0.115393, 
0.108949, 
0.028200, 
-0.054226, 
-0.079552, 
-0.042898, 
0.014543, 
0.045942, 
0.034962, 
0.001119, 
-0.023397, 
-0.021665, 
-0.001974, 
0.014430, 
0.013621, 
-0.000661, 
-0.013261, 
-0.012477, 
0.000194, 
0.012828, 
0.014348, 
0.003854, 
-0.009488, 
-0.014818, 
-0.008484, 
0.003729, 
0.012065, 
0.010740, 
0.001872, 
-0.007112, 
-0.009737, 
-0.005129, 
0.002218, 
0.006619, 
0.005551, 
0.000901, 
-0.003267, 
-0.004127, 
-0.001889, 
0.001030, 
0.002319, 
0.001489, 
-0.000194, 
-0.001130, 
-0.000752, 
0.000244, 
0.000769, 
0.000369, 
-0.000467, 
-0.000879, 
-0.000455, 
0.000427, 
0.000989, 
0.000746, 
-0.000094, 
-0.000843, 
-0.000923, 
-0.000315, 
0.000472, 
0.000841, 
0.000571, 
-0.000064, 
-0.000561, 
-0.000590, 
-0.000208, 
0.000242, 
0.000434, 
0.000288, 
-0.000019, 
-0.000234, 
-0.000229, 
-0.000066, 
0.000092, 
0.000129, 
0.000055, 
-0.000037, 
-0.000061, 
-0.000015, 
0.000041, 
0.000046, 
-0.000003, 
-0.000056, 
-0.000062, 
-0.000011, 
0.000053, 
0.000076, 
0.000040, 
-0.000026, 
-0.000070, 
-0.000060, 
-0.000007, 
0.000045, 
0.000060, 
0.000031, 
-0.000015, 
-0.000044, 
-0.000037, 
-0.000007, 
0.000022, 
0.000030, 
0.000016, 
-0.000005, 
-0.000017, 
-0.000014, 
-0.000002, 
0.000007, 
0.000008, 
0.000002, 
-0.000003, 
-0.000003, 
0.000000, 
0.000003, 
0.000002, 
-0.000002, 
-0.000005, 
-0.000004, 
0.000000, 
0.000005, 
0.000005, 
0.000002, 
-0.000003, 
-0.000005, 
-0.000004, 
0.000000, 
0.000004, 
0.000004, 
0.000002, 
-0.000002, 
-0.000003, 
-0.000002, 
-0.000000, 
0.000002, 
0.000002, 
0.000001, 
-0.000001, 
-0.000001, 
-0.000001, 
-0.000000, 
0.000001, 
0.000000, 
0.000000, 
-0.000000, 
-0.000000, 
0.000000, 
0.000000, 
0.000000, 
-0.000000, 
-0.000000, 
-0.000000, 
0.000000, 
0.000000, 
0.000000, 
0.000000, 
-0.000000, 
-0.000000, 
-0.000000, 
0.000000, 
0.000000, 
0.000000, 
0.000000, 
-0.000000, 
-0.000000, 
-0.000000, 
0.000000, 
0.000000, 
0.000000, 
0.000000, 
-0.000000, 
-0.000000, 
-0.000000, 
0.000000, 
0.000000, 
0.000000, 
-0.000000, 
-0.000000, 
-0.000000, 
0.000000, 
0.000000, 
-0.000000, 
-0.000000, 
-0.000000, 
-0.000000, 
0.000000, 
0.000000, 
0.000000, 
-0.000000, 
-0.000000, 
-0.000000, 
-0.000000, 
0.000000, 
0.000000, 
0.000000, 
0.000000, 
-0.000000, 
-0.000000, 
-0.000000, 
0.000000, 
0.000000, 
0.000000, 
0.000000, 
-0.000000, 
-0.000000, 
-0.000000, 
0.000000, 
0.000000, 
0.000000, 
-0.000000, 
-0.000000, 
0.000000, 
0.000000, 
0.000000, 
-0.000000, 
-0.000000, 
-0.000000, 
-0.000000, 
0.000000, 
0.000000, 
0.000000, 
-0.000000, 
-0.000000, 
-0.000000, 
-0.000000, 
0.000000, 
0.000000, 
0.000000, 
-0.000000, 
-0.000000, 
-0.000000, 
-0.000000, 
0.000000, 
0.000000, 
0.000000, 
0.000000, 
-0.000000, 
-0.000000, 
-0.000000, 
0.000000, 
0.000000, 
0.000000, 
-0.000000, 
-0.000000, 
0.000000, 
0.000000, 
0.000000, 
-0.000000, 
-0.000000, 
-0.000000, 
0.000000, 
0.000000, 
0.000000, 
0.000000, 
-0.000000, 
-0.000000, 
-0.000000, 
-0.000000, 
0.000000, 
0.000000, 
0.000000, 
-0.000000, 
-0.000000, 
-0.000000, 
-0.000000, 
0.000000, 
0.000000, 
0.000000, 
-0.000000, 
-0.000000, 
-0.000000, 
-0.000000, 
0.000000, 
0.000000, 
0.000000, 
-0.000000, 
0.000000, 
0.000000, 
0.000000, 
-0.000000, 
-0.000000, 
-0.000000, 
-0.000000, 
0.000000, 
0.000000, 
0.000000, 
0.000000, 
-0.000000, 
-0.000000, 
-0.000000, 
0.000000, 
0.000000, 
0.000000, 
0.000000, 
-0.000000, 
-0.000000, 
-0.000000, 
-0.000000, 
0.000000, 
0.000000, 
0.000000, 
-0.000000, 
-0.000000, 
-0.000000, 
-0.000000, 
0.000000, 
0.000000, 
0.000000, 
0.000000, 
0.000000, 
0.000000, 
0.000000, 
-0.000000, 
-0.000000, 
-0.000000, 
-0.000000, 
0.000000, 
0.000000, 
0.000000, 
0.000000, 
-0.000000, 
-0.000000, 
-0.000000, 
0.000000, 
0.000000, 
0.000000, 
0.000000, 
-0.000000, 
-0.000000, 
-0.000000, 
-0.000000, 
0.000000, 
0.000000, 
0.000000, 
-0.000000, 
-0.000000, 
-0.000000, 
-0.000000, 
0.000000, 
0.000000, 
0.000000, 
0.000000, 
0.000000, 
0.000000, 
0.000000, 
-0.000000, 
-0.000000, 
-0.000000, 
-0.000000, 
0.000000, 
0.000000, 
0.000000, 
-0.000000, 
-0.000000, 
-0.000000, 
-0.000000, 
0.000000, 
0.000000, 
0.000000, 
0.000000, 
-0.000000, 
-0.000000, 
-0.000000, 
0.000000, 
0.000000, 
0.000000, 
0.000000, 
-0.000000, 
-0.000000, 
-0.000000, 
-0.000000, 
-0.000000, 
0.000000, 
0.000000, 
0.000000, 
0.000000, 
0.000000, 
0.000000, 
-0.000000, 
-0.000000, 
-0.000000, 
0.000000, 
0.000000, 
0.000000, 
0.000000, 
-0.000000, 
-0.000000, 
-0.000000, 
-0.000000, 
0.000000, 
0.000000, 
0.000000, 
0.000000, 
-0.000000, 
-0.000000, 
-0.000000, 
0.000000, 
0.000000, 
0.000000, 
0.000000, 
-0.000000, 
-0.000000, 
-0.000000, 
-0.000000, 
-0.000000, 
0.000000, 
0.000000, 
0.000000, 
0.000000, 
0.000000, 
-0.000000, 
-0.000000, 
-0.000000, 
-0.000000, 
0.000000, 
0.000000, 
0.000000, 
0.000000, 
-0.000000, 
-0.000000, 
-0.000000, 
-0.000000, 
0.000000, 
0.000000, 
